10.1628	2.392
10.5104	1.937
11.758	0.8298
10.9309	1.5359
11.766	1.09757
10.147	2.218
11.255	1.2419
11.766	0.93319
11.235	1.5417
11.049	1.3313
10.2453	2.005
10.1638	2.423
10.3304	2.527
10.5778	2.214
10.7551	1.505
10.2152	2.096
10.1511	2.634
10.02236	2.33
10.8603	1.6778
11.228	1.2505
11.033	1.5719
10.8967	1.4971
11.746	0.8844
10.935	1.4956
11.643	0.95683
11.193	1.6748
10.6444	1.7056
9.91102	2.826
11.475	1.4177
10.1301	2.305
10.1126	2.197
11.903	1.06473
10.979	1.09299
11.133	1.7264
10.7602	1.7747
10.7652	1.6541
10.1345	2.322
9.90085	2.735
10.7429	1.9824
10.372	2.136
10.1315	2.716
11.146	1.497
10.2778	2.133
9.93128	2.524
10.2877	2.635
11.574	1.2577
9.96048	2.818
10.9861	1.2477
11.153	1.2841
10.816	1.7584
10.3074	2.005
10.5585	2.162
11.271	1.3484
11.01	1.1226
9.8304	2.681
11.447	0.7356
11.653	0.7454
10.8037	1.8864
10.09088	2.415
11.346	1.4183
10.7961	1.463
10.05228	2.652
10.3708	2.464
10.6144	2.073
11.849	0.636
11.55	0.6473
11.545	0.641
10.8567	1.4167
10.8076	1.6711
10.3554	2.339
11.317	0.8906
10.7914	1.7277
11.233	1.641
10.1191	2.678
9.92802	2.44
9.5773	2.514
9.947	2.597
10.9018	1.4165
10.6091	1.8915
10.3499	2.425
10.6062	2.112
11.497	1.02984
10.9516	1.6427
10.3388	2.109
10.3918	2.213
9.97668	2.127
10.6259	1.6117
10.3501	2.435
10.7383	1.8722
10.9833	1.9058
10.4833	2.254
10.2674	2.444
11.254	1.2428
10.7112	1.8132
10.6391	2.153
11.427	0.8941
11.338	1.5585
10.2042	2.322
10.2414	2.484
11.629	1.09345
10.08148	2.069
11.322	1.1757
10.8344	1.3411
11.37	1.1717
10.6949	1.6622
11.568	1.1635
9.8039	2.696
11.634	0.8974
9.7646	2.803
10.8128	1.8946
10.8625	1.7377
9.8208	2.5
10.3641	1.9606
10.01201	2.247
11.205	1.2729
10.3475	2.251
10.7438	2.033
9.507	2.819
10.6355	1.9496
9.8956	2.302
9.8746	2.849
11.209	1.001721
11.572	1.342
11.823	1.02285
11.253	0.7802
10.389	1.7744
10.4036	1.8096
11.495	0.7642
11.397	0.7805
10.4084	2.188
11.364	1.1223
11.46	0.8901
9.7523	2.679
9.6169	2.865
10.05434	2.113
10.7661	1.7591
11.265	1.1334
10.9306	1.6499
11.919	0.6259
11.25	1.2672
9.9497	2.22
9.90966	2.261
10.1082	2.745
10.6153	1.8799
9.5963	2.563
10.5958	1.848
11.463	1.2628
11.39	1.1462
11.413	1.04287
10.2482	2.216
10.061	2.832
11.368	1.358
10.8951	1.3809
11.682	0.6752
10.527	2.116
10.9862	1.6397
11.483	1.0317
10.8808	1.8289
11.601	0.98117
11.307	1.007323
9.90315	2.298
10.5862	1.9241
11.346	1.2849
9.8795	2.533
10.5639	1.9804
10.0002185	2.785
11.09	1.4284
10.8427	1.7272
10.9152	1.6153
11.551	0.92077
10.07273	2.778
9.8652	2.585
11.427	1.441
9.96601	2.109
10.1722	2.027
11.209	1.6052
11.582	1.08886
9.6318	2.544
11.008	1.6469
10.7183	2.234
10.963	1.5247
9.5708	2.702
11.358	0.8263
11.562	0.6714
11.316	0.95207
10.2408	2.217
11.49	1.01252
10.4363	2.074
11.056	1.5126
11.501	1.005614
11.296	1.1902
10.1439	2.325
10.1273	2.631
11.159	1.4248
11.039	1.3789
10.2489	2.048
11.394	1.1843
10.2307	2.012
10.3621	2.215
10.3837	2.107
11.286	1.3667
11.014	1.09892
9.8584	2.554
10.6123	2.087
11.737	0.7952
11.449	0.8964
10.4542	1.706
10.1249	2.155
10.7778	1.6251
11.29	0.7769
11.374	1.2494
10.8845	1.8227
9.8557	2.641
10.1619	2.432
11.307	1.04048
10.8145	1.5896
10.4215	2.307
11.806	0.7148
11.479	1.2525
11.884	0.5196
10.02144	2.736
11.595	0.8891
11.316	1.05503
10.1716	2.367
10.7025	2.017
10.5007	1.7531
10.6423	1.9221
10.05167	2.285
11.486	1.1409
10.5886	1.99
11.203	1.01103
10.8261	1.6754
10.08676	2.265
9.7664	2.319
10.5751	1.9733
10.7934	1.9122
11.159	1.3139
9.7351	2.768
11.136	1.3661
10.1526	2.446
11.404	1.08511
11.418	0.97205
9.7895	2.676
10.2878	1.82
11.656	1.08048
9.8191	2.572
10.07424	2.183
10.2487	2.147
10.8725	1.6778
11.259	1.5756
10.3713	2.114
11.365	0.8968
11.137	1.4134
11.501	1.1671
9.98903	2.569
10.4804	2.045
10.7111	1.8202
10.5225	2.033
11.173	1.2318
11.06	1.6127
10.5472	2.26
10.05427	2.242
10.81	1.2804
10.5534	1.8393
11.063	1.2702
10.4807	1.7886
11.125	1.08687
10.8936	1.4763
11.143	1.4573
11.617	0.7392
11.865	0.7877
9.8794	2.785
10.1455	2.51
10.9748	1.5433
11.304	1.1362
10.3386	2.086
11.508	0.7051
10.02802	2.27
11.636	0.8301
10.02584	2.131
10.7649	1.5176
11.181	1.3157
11.424	0.94449
11.251	1.5867
10.4553	2.151
10.2091	2.349
9.98141	2.346
10.5318	1.9585
11.584	0.96853
10.8069	1.7106
10.8939	1.3758
10.4034	2.048
10.3745	1.8392
10.3888	2.304
11.428	1.0558
11.294	1.1274
10.8057	1.6456
10.9468	1.6737
10.5994	1.8212
11.181	1.2583
11.255	1.1511
10.7973	1.3138
10.8229	1.866
11.154	0.90749
10.3353	2.386
11.252	1.171
9.94021	2.656
10.5468	1.9446
10.68	1.6327
10.5663	2.085
11.721	0.8333
10.4309	2.027
10.5462	1.5575
11.672	1.1047
10.7249	1.8325
10.9932	1.2213
10.7712	1.736
11.45	0.8604
11.619	1.1208
10.3343	1.9446
10.06193	2.805
10.1039	2.517
10.9571	1.6775
10.2045	2.089
10.8246	1.4203
10.01841	2.813
10.5643	1.8297
10.3993	1.9459
10.7378	1.619
10.5838	1.6672
10.9324	1.2852
11.217	1.4539
10.7372	1.7995
10.9701	1.5704
11.446	1.2647
11.327	1.09178
10.5303	2.329
11.09	1.4702
9.93013	2.699
11.056	1.3161
11.043	1.2412
10.6134	1.9611
10.8112	1.4457
10.9797	1.4892
11.115	1.2007
11.461	0.91511
11.31	0.96436
10.6404	2.316
10.4241	2.282
11.182	1.4619
9.8433	2.702
11.716	0.6768
9.7404	2.424
10.7457	1.9037
10.6274	1.4522
10.3686	1.9276
11.524	1.3884
11.275	1.08019
10.6459	2.008
10.5987	2.01
9.6481	2.817
9.8293	2.815
10.02316	2.712
10.9364	1.8536
11.158	1.7809
10.5053	1.966
9.6075	2.602
9.8904	2.3
10.7699	1.5794
9.7988	2.715
11.473	1.3412
10.2218	2.297
11.45	1.1567
11.666	0.92865
11.682	0.7401
11.34	0.8486
11.007	1.6775
10.7822	1.4604
11.295	0.91958
10.6361	1.6499
10.8421	2.004
11.099	1.6687
11.216	1.3919
10.3903	1.8186
9.7925	2.625
10.188	2.077
10.2601	2.522
9.7307	2.783
11.494	1.1843
10.17	2.461
10.4051	2.216
10.6092	1.9605
10.1299	2.335
11.192	1.5443
10.8726	1.6304
10.1604	2.672
10.2402	2.176
10.3017	2.628
11.118	1.236
10.9219	1.2135
10.5391	1.9714
